4037 0.0032261873367280783
15 0.002300204877439733
2470 0.0019836475523792763
2625 0.0018735458636152925
2237 0.0018653208676929836
6634 0.0016285480311152482
1186 0.0015883235218259219
2398 0.0013991524288094106
4191 0.0013788765159828292
5254 0.0013406246752178956
665 0.0012984138775478662
8293 0.001260239520998325
2328 0.00125040268705561
2654 0.0012412264096556002
6774 0.0012313566090085574
7553 0.0011794913083527964
4875 0.001179243735774769
214 0.001177458240450061
28 0.0011627256893478135
7620 0.0011584134227185711
1297 0.0010806116946334631
2285 0.001049423298345871
3352 0.0010464891580959838
4335 0.0010390801703386648
2535 0.001024177643511471
762 0.0010098723486845931
3334 0.0009745548381456314
4261 0.0009617775886411754
7632 0.0009607296566374536
6832 0.0009461204287690418
5412 0.0009286282204910691
2565 0.000926449630617709
737 0.0009233413805890087
5484 0.0009217793092032105
4735 0.0009204053812849032
3089 0.0009020975230659944
7092 0.0008961117832462427
1842 0.0008781515387968441
271 0.0008643563681307485
2066 0.0008537726902351579
2657 0.0008346807984639455
1855 0.0008174608255511446
2643 0.0008129839819331588
5210 0.0008106116272388815
5423 0.0008045514019450321
1211 0.0007949388433903206
6946 0.0007875482833298074
4310 0.0007733157794185135
299 0.0007555193366683997
4666 0.0007488880588146407
6914 0.0007477294165548951
1026 0.0007475111612661463
282 0.0007392142071004006
3456 0.0007355078417627239
922 0.0007345147442348807
5079 0.0007325083490016712
5404 0.0007267483117021202
4247 0.000719635803535496
4600 0.0007182766486467987
5233 0.0007112963787099379
3537 0.0007110889086777259
4110 0.0007088039193349436
2576 0.0007004885271103757
3459 0.0006979164650792131
4687 0.0006910208894477821
3755 0.0006904562875559675
3562 0.0006883208631783801
993 0.0006847586798243535
55 0.0006844331950537517
4712 0.0006792819848738434
6327 0.000679102688386241
5022 0.0006756814180515457
2871 0.0006739024397844225
5543 0.0006721620806218259
407 0.0006630317712120612
4828 0.000660975678038797
3117 0.0006573526425503225
1385 0.0006556494741527287
2651 0.0006478088545755931
3192 0.0006473732523609173
3443 0.00064275177156431
5459 0.0006344493435221547
7131 0.0006335418322650739
7890 0.0006198186028392209
4099 0.0006154590487345449
4536 0.0006140526086656488
1080 0.0006128626021493115
3897 0.0006109501576095127
1549 0.0006108633533591049
7021 0.0006078253117082588
86 0.0006076372474079044
7478 0.0006075187374378838
2485 0.0006035247985804432
4796 0.0006033233985696959
6784 0.0006012319468397427
1633 0.00059866651963645
5179 0.0005969713393958284
5123 0.0005967192117926327
6560 0.0005927343406205815
1717 0.0005865320208558472
