4037 0.004112821971018394
15 0.0031700595338187477
6634 0.002765411268361496
2625 0.002744284256757444
2470 0.002352040469726903
2237 0.002277468781436758
2398 0.0021377294285309916
4191 0.0019274295701037696
1186 0.001885109058889225
5254 0.0018456790728876174
7553 0.0018006292897053279
2328 0.0017388869358659926
7620 0.001638531426133147
1297 0.0016146759409541899
4875 0.0016074814945350882
4335 0.0015841585456706092
2654 0.0015749465819829263
8293 0.0015537241864138618
7632 0.0015379912118150655
665 0.00153042330087271
5412 0.0015244981490161755
28 0.001505095317831582
3352 0.0015020153962814994
214 0.0014821620362139014
6774 0.001480434469627926
762 0.0014619199300968779
6832 0.0014503020485820428
737 0.0014216562623249943
2535 0.0014207034668749037
3334 0.0013955647931665075
3089 0.0013896999405072906
6946 0.001377413626865476
2066 0.0013751766566302652
4735 0.001347456838196379
7092 0.001328808661348772
2565 0.0013094034992786143
5484 0.0013031290967222978
4310 0.0011910018873935206
5423 0.001186770903006704
1211 0.0011835498196581967
2285 0.0011808669719633243
4261 0.0011700772339120723
2657 0.001160256782563211
271 0.0011596772783197876
3456 0.00114671688399449
5404 0.0011143515802402694
1842 0.0011081392784572065
5233 0.0011026277119932754
5210 0.0011011613004574179
8042 0.001084029242400762
5079 0.0010781270486493507
4712 0.0010754297796017464
6914 0.0010633834173788379
3459 0.0010381432006823506
4828 0.0010362557516108554
4666 0.0010332678257726302
1026 0.0010115647741818878
2643 0.0010109235565948092
1855 0.0010040249652550732
993 0.0010027152208784927
1549 0.0009899074815676884
3562 0.0009846574474535062
3537 0.0009794965831267678
299 0.000977144611096103
922 0.0009707983735241983
2576 0.0009689378928148887
282 0.0009566458966621794
3117 0.0009515368501851871
4110 0.0009513872424907542
5022 0.0009403396698021563
4600 0.0009396408373802803
2958 0.0009394333059916776
5123 0.000937653137841372
4687 0.0009302573326049587
3084 0.0009235997478315385
3755 0.0009216376483238664
2651 0.0009212536229259204
8163 0.0009158570815040928
2871 0.000913356005107519
1385 0.0009074217001421987
3897 0.0009065668679806389
5543 0.0009048226366872586
3443 0.0009009477790057227
1031 0.0008863743196943977
5459 0.0008858781078523459
4536 0.000885458064823807
4247 0.0008748150209244972
7699 0.0008669391748845627
2485 0.0008650554984033129
3568 0.0008633081449220886
7890 0.0008612378590059236
6327 0.0008577862994213895
1633 0.0008571177889714999
55 0.000855412806372873
3192 0.0008505589686888876
4400 0.0008426474502854491
1726 0.0008404617907456347
4256 0.0008339875775218345
6784 0.0008329904450517229
407 0.0008303141459078204
