4037 0.004439848671551332
6634 0.0037499802146872237
15 0.0036139204124339664
2625 0.003278344127204988
2398 0.002631654028119673
2237 0.002376384318996887
2470 0.002369305016743573
4191 0.002246316405358422
7553 0.0021687457835321473
5254 0.0021167733224489063
2328 0.002015654465023306
5412 0.001966152151807405
4335 0.0019563771228313133
1297 0.0019479959678167793
7632 0.00193895864549683
1186 0.0019202550338986084
7620 0.0019145173862178508
6946 0.0019017816870990085
4875 0.0018478438952323022
6832 0.0017817472925882754
3352 0.0017742690588390022
737 0.0017566254806277296
2066 0.0017492974537141057
762 0.001735130866833306
3089 0.0017196501691130958
2654 0.0017049867351875028
3334 0.0016481936209847847
2535 0.0016471123093382207
28 0.001624932647478844
8293 0.0016227924058426298
4735 0.0016210225991585153
7092 0.0016054211464727303
214 0.0015858860636954058
8042 0.0015818207745260822
665 0.0015435551403400985
2565 0.001542137056122861
6774 0.0015339122704040957
5484 0.0015335092250534045
4310 0.001479586715430432
3456 0.0014389248604901848
1211 0.0014131780765642501
5423 0.0014122001014985508
5233 0.0013834851946821847
5404 0.0013778738036368636
4712 0.0013707218340712063
8163 0.0013618340709367978
2657 0.0013525300047050757
4828 0.0013347972410698756
5079 0.001302524970666969
271 0.0012897160515613704
1549 0.0012696051505584546
3459 0.0012639560497059662
5210 0.0012598940408093393
6914 0.0012525166527769778
4261 0.0012262902943603778
3084 0.0012235860282700454
4666 0.0011986127073350305
993 0.0011973830864823649
5123 0.0011864834360256953
1842 0.0011858093106489568
3562 0.0011779840017327077
2958 0.0011721577286715828
2285 0.0011538950339113091
1026 0.0011518864382881835
3117 0.0011460643287462158
2576 0.0011297226506189204
3537 0.0011284905272493403
3897 0.0011056927614127709
2746 0.0011027241970183311
5022 0.00109848069504043
2651 0.001096568818042159
922 0.0010812966955560355
7699 0.00107719174385563
2643 0.00107417102991742
4110 0.0010725854698569897
1031 0.0010697751471516702
299 0.0010676891536186717
4536 0.001067336503908926
4400 0.0010617503570648308
3568 0.0010604411407039325
3443 0.0010533052444843282
2871 0.0010486727124278962
1855 0.0010472050123494512
5459 0.001044501395472407
1385 0.0010436541059351571
4687 0.0010424119425241963
4600 0.0010411947277309244
3755 0.001038300269136677
282 0.0010347608967125673
5543 0.0010309723162858192
2485 0.0010251897675615464
3976 0.001023373510079089
4256 0.0010150448290753955
1633 0.0010104060863732928
2859 0.0010053671777216066
7890 0.0010051987396590225
3238 0.0009979109545650744
3034 0.000989378478835355
1726 0.000986830954882816
2323 0.00098669938774642
