4037 0.0043478912026883336
15 0.0034727700812874373
6634 0.0033849964474663282
2625 0.003098860861503943
2398 0.002461828927040283
2470 0.0023817378380743947
2237 0.002356121152125842
4191 0.002140222904878855
7553 0.002047623859348148
5254 0.0020290981293788132
2328 0.0019244954446397278
1186 0.0019209776541996072
1297 0.0018363341778702838
4335 0.0018277671129415729
7620 0.0018233479682458465
5412 0.0018109253156389235
7632 0.0018003804894792855
4875 0.0017683598661553692
6946 0.0017066514014120167
3352 0.001683559924398068
6832 0.001668674741050158
2654 0.0016675398793500136
762 0.0016441025833723742
737 0.0016417324039672357
2066 0.0016191442804017236
8293 0.001609336139342886
3089 0.0016062261804437009
28 0.0015937670216989764
2535 0.001572434032393462
3334 0.0015637116459278882
214 0.0015585728629734293
665 0.0015505968780845825
4735 0.0015280790047502901
6774 0.0015240050445863237
7092 0.00151149258973292
2565 0.0014638823733657954
5484 0.0014561840306110264
8042 0.0013936939733034436
4310 0.0013797208451235183
5423 0.0013378452270449393
1211 0.0013378027817705707
3456 0.0013371302031988674
2657 0.0012883621160698286
5404 0.0012871948329295877
5233 0.0012851466697625113
4712 0.0012663712591208986
271 0.0012516203021249296
4828 0.0012274298734038266
5079 0.0012260510749348618
4261 0.0012133957619833787
5210 0.0012082389228729104
8163 0.0011921650186002247
6914 0.0011895703866522335
3459 0.0011865577794925091
2285 0.0011717842602996084
1549 0.0011716407683356113
1842 0.0011656740317671239
4666 0.001143726733318883
993 0.0011327018926844084
3084 0.001116880096455586
3562 0.0011118881695712398
1026 0.001106873399287264
5123 0.0010993251015217166
2958 0.0010937098228835252
3537 0.0010799110191519249
3117 0.0010794346284360029
2576 0.0010758811291679072
2643 0.0010581080196764385
922 0.0010475806629736178
5022 0.0010455843781560497
299 0.001041926147212186
1855 0.0010394831705888685
3897 0.0010371987795233118
2651 0.0010368865528799652
4110 0.0010347740449981352
282 0.0010143347148282907
4600 0.0010102203332639677
1031 0.0010090443630143419
4687 0.0010083384943443186
7699 0.0010053896935519491
4536 0.001004599813892332
2871 0.0010041419048094193
2746 0.0010039708770814002
3443 0.001002895788333941
3755 0.0010016352939577137
1385 0.0009997825696496391
3568 0.00099252096821895
5459 0.0009905518724068715
5543 0.0009900685952328276
4400 0.0009844768636399766
2485 0.0009716129173687115
1633 0.0009598940908056177
7890 0.0009571266963123622
3976 0.0009559543536539865
4256 0.0009546634507059783
1726 0.0009402851866296836
3238 0.0009349171824152685
2323 0.0009312173278071031
6784 0.0009268299046502047
3034 0.0009239006534501011
